8 0.7958333333333333 0.7692962962962964 0.06666666666666667 0.10525000000000007
8 0.89765625 0.8364444444444444 0.1203125 0.1358518518518519
9 0.9190104166666667 0.7563240740740741 0.058854166666666666 0.04967592592592601
4 0.15807291666666667 0.8248703703703704 0.1203125 0.16085185185185188
4 0.21145833333333333 0.7956574074074073 0.0875 0.11978703703703694
2 0.27682291666666664 0.8030925925925926 0.06822916666666666 0.05433333333333339
4 0.26067708333333334 0.28629629629629627 0.044270833333333336 0.06518518518518517
4 0.221875 0.3228796296296296 0.04791666666666667 0.07168518518518514
8 0.8536458333333333 0.3404814814814815 0.051041666666666666 0.08096296296296301
8 0.7846354166666667 0.2802777777777778 0.0359375 0.07166666666666664
5 0.7911458333333333 0.34556481481481477 0.021875 0.024462962962962926
5 0.7635416666666667 0.31407407407407406 0.016666666666666666 0.02074999999999997
5 0.28619791666666666 0.3363055555555555 0.0203125 0.024462962962962926
5 0.34296875 0.8220740740740741 0.027604166666666666 0.02562962962962969
5 0.33567708333333335 0.8461574074074074 0.03177083333333333 0.021935185185185235
5 0.7182291666666667 0.795212962962963 0.03229166666666667 0.023768518518518585
5 0.7252604166666666 0.8216111111111112 0.03177083333333333 0.028407407407407468
5 0.73671875 0.8512500000000001 0.044270833333333336 0.02842592592592597