9 0.9208333333333333 0.7952314814814815 0.09166666666666666 0.16083333333333338
9 0.8559895833333333 0.31732407407407404 0.0453125 0.07538888888888885
8 0.8065104166666667 0.31084259259259256 0.050520833333333334 0.08464814814814811
8 0.7966145833333333 0.789675925925926 0.1140625 0.14972222222222226
4 0.21328125 0.7785648148148149 0.11614583333333334 0.17194444444444448
4 0.25755208333333335 0.28444444444444444 0.0484375 0.06888888888888887
2 0.5338541666666666 0.35251851851851856 0.078125 0.05688888888888894
2 0.30833333333333335 0.37521296296296297 0.08125 0.10968518518518522
8 0.6604166666666667 0.3335370370370371 0.06666666666666667 0.07447222222222229
5 0.84375 0.8781111111111112 0.05416666666666667 0.04881481481481484
5 0.8359375 0.3603888888888889 0.021875 0.024472222222222176
5 0.790625 0.3464907407407407 0.020833333333333332 0.022611111111111075
5 0.7338541666666667 0.8466203703703704 0.040625 0.019157407407407456
5 0.23046875 0.18950925925925924 0.0234375 0.03457407407407405
5 0.15963541666666667 0.6039722222222222 0.050520833333333334 0.07090740740740734