4 0.26067708333333334 0.2946388888888889 0.0609375 0.07445370370370367
9 0.8533854166666667 0.31639814814814815 0.0421875 0.073537037037037
8 0.6296875 0.39928703703703705 0.08854166666666667 0.08376851851851855
8 0.6239583333333333 0.7614166666666667 0.07708333333333334 0.10062037037037044
2 0.4635416666666667 0.8220740740740741 0.058333333333333334 0.05156481481481486
4 0.215625 0.7980092592592593 0.10625 0.12934259259259265
9 0.91953125 0.7933796296296296 0.0953125 0.14601851851851855
2 0.5026041666666666 0.37150925925925926 0.071875 0.09487037037037041
8 0.7002604166666667 0.2886111111111111 0.0484375 0.05129629629629628
5 0.4583333333333333 0.2909259259259259 0.022916666666666665 0.03740740740740739
5 0.3328125 0.28582407407407406 0.017708333333333333 0.01610185185185184
5 0.31354166666666666 0.31083333333333335 0.016666666666666666 0.029083333333333305
5 0.70859375 0.3557592592592593 0.013020833333333334 0.026324074074074028
5 0.7911458333333333 0.34602777777777777 0.017708333333333333 0.02538888888888885
5 0.7984375 0.29277777777777775 0.013541666666666667 0.02259259259259257
5 0.7661458333333333 0.32149074074074074 0.019791666666666666 0.028157407407407378
5 0.8372395833333334 0.8003055555555556 0.030729166666666665 0.026546296296296363
5 0.7244791666666667 0.8169814814814815 0.03229166666666667 0.04137037037037043
5 0.7385416666666667 0.8480092592592593 0.04583333333333333 0.02563888888888894
5 0.34479166666666666 0.8230000000000001 0.03125 0.02748148148148154
5 0.33671875 0.8456944444444444 0.033854166666666664 0.017305555555555605